﻿gov_id,atmovies_id,week_label,week_range,amount,tickets,total_amount,total_tickets,rate,theater_count,fetch_date
31474,fgcn53656183,2025W42,2025-08-04~2025-08-10,59280.0,228.0,59280.0,228,0.0,1,2025-10-13
31474,fgcn53656183,2025W42,2025-08-11~2025-08-17,,,59280.0,228,-1.0,0,2025-10-13
31474,fgcn53656183,2025W42,2025-08-18~2025-08-24,77145573.0,281675.0,77204853.0,281903,0.0,96,2025-10-13
31474,fgcn53656183,2025W42,2025-08-25~2025-08-31,62159840.0,226258.0,139364693.0,508161,-0.19425266307893002,96,2025-10-13
31474,fgcn53656183,2025W42,2025-09-01~2025-09-07,25830051.0,94580.0,165194744.0,602741,-0.584457569388853,95,2025-10-13
31474,fgcn53656183,2025W42,2025-09-08~2025-09-14,12250870.0,44707.0,177445614.0,647448,-0.525712512143317,92,2025-10-13
31474,fgcn53656183,2025W42,2025-09-15~2025-09-21,5865337.0,21562.0,183310951.0,669010,-0.5212309819629136,91,2025-10-13
31474,fgcn53656183,2025W42,2025-09-22~2025-09-28,2883088.0,10619.0,186194039.0,679629,-0.5084531374753062,88,2025-10-13
31474,fgcn53656183,2025W42,2025-09-29~2025-10-05,1333483.0,4968.0,187527522.0,684597,-0.5374809926023764,73,2025-10-13
31474,fgcn53656183,2025W42,2025-10-06~2025-10-12,389092.0,1429.0,187916614.0,686026,-0.708213753006225,48,2025-10-13
