﻿gov_id,week_range,amount,tickets,total_amount,total_tickets,rate,theater_count,fetch_date
26439,2024-06-17~2024-06-23,16280.0,74.0,16280.0,74,0.0,1,2025-10-29
26439,2024-06-24~2024-06-30,,,16280.0,74,-1.0,0,2025-10-29
26439,2024-07-01~2024-07-07,,,16280.0,74,0.0,0,2025-10-29
26439,2024-07-08~2024-07-14,,,16280.0,74,0.0,0,2025-10-29
26439,2024-07-15~2024-07-21,,,16280.0,74,0.0,0,2025-10-29
26439,2024-07-22~2024-07-28,,,16280.0,74,0.0,0,2025-10-29
26439,2024-07-29~2024-08-04,,,16280.0,74,0.0,0,2025-10-29
26439,2024-08-05~2024-08-11,14935288.0,57594.0,14951568.0,57668,0.0,98,2025-10-29
26439,2024-08-12~2024-08-18,14248342.0,54538.0,29199910.0,112206,-0.04599482781985858,98,2025-10-29
26439,2024-08-19~2024-08-25,11202664.0,42612.0,40402574.0,154818,-0.21375666024860998,99,2025-10-29
26439,2024-08-26~2024-09-01,8285263.0,31371.0,48687837.0,186189,-0.2604202893168982,96,2025-10-29
26439,2024-09-02~2024-09-08,4544207.0,17310.0,53232044.0,203499,-0.4515313515093003,90,2025-10-29
26439,2024-09-09~2024-09-15,2407612.0,9159.0,55639656.0,212658,-0.470179945587866,90,2025-10-29
26439,2024-09-16~2024-09-22,2114145.0,7953.0,57753801.0,220611,-0.12189131803629488,83,2025-10-29
26439,2024-09-23~2024-09-29,991911.0,3767.0,58745712.0,224378,-0.5308216796861143,65,2025-10-29
26439,2024-09-30~2024-10-06,592703.0,2244.0,59338415.0,226622,-0.40246352747373504,48,2025-10-29
26439,2024-10-07~2024-10-13,360894.0,1342.0,59699309.0,227964,-0.3911048197832641,28,2025-10-29
26439,2024-10-14~2024-10-20,139874.0,532.0,59839183.0,228496,-0.6124235925230123,23,2025-10-29
26439,2024-10-21~2024-10-27,55055.0,202.0,59894238.0,228698,-0.6063957561805625,12,2025-10-29
26439,2024-10-28~2024-11-03,117620.0,414.0,60011858.0,229112,1.1364090454999547,7,2025-10-29
26439,2024-11-04~2024-11-10,24065.0,94.0,60035923.0,229206,-0.7954004421016834,4,2025-10-29
26439,2024-11-11~2024-11-17,226768.0,853.0,60262691.0,230059,8.423145647205486,38,2025-10-29
26439,2024-11-18~2024-11-24,230241.0,880.0,60492932.0,230939,0.015315212022860368,38,2025-10-29
26439,2024-11-25~2024-12-01,396195.0,1359.0,60889127.0,232298,0.7207838742882458,38,2025-10-29
26439,2024-12-02~2024-12-08,58436.0,227.0,60947563.0,232525,-0.8525069725766352,14,2025-10-29
26439,2024-12-09~2024-12-15,18533.0,74.0,60966096.0,232599,-0.6828496132521049,7,2025-10-29
26439,2024-12-16~2024-12-22,25740.0,111.0,60991836.0,232710,0.3888739006097232,2,2025-10-29
26439,2024-12-23~2024-12-29,,,60991836.0,232710,-1.0,0,2025-10-29
26439,2024-12-30~2025-01-05,4600.0,20.0,60996436.0,232730,0.0,1,2025-10-29
26439,2025-01-06~2025-01-12,10920.0,52.0,61007356.0,232782,1.373913043478261,1,2025-10-29
26439,2025-01-13~2025-01-19,,,61007356.0,232782,-1.0,0,2025-10-29
26439,2025-01-20~2025-01-26,17175.0,175.0,61024531.0,232957,0.0,2,2025-10-29
26439,2025-01-27~2025-02-02,43200.0,436.0,61067731.0,233393,1.51528384279476,2,2025-10-29
26439,2025-02-03~2025-02-09,29930.0,300.0,61097661.0,233693,-0.3071759259259259,2,2025-10-29
26439,2025-02-10~2025-02-16,20360.0,208.0,61118021.0,233901,-0.3197460741730705,2,2025-10-29
26439,2025-02-17~2025-02-23,6375.0,85.0,61124396.0,233986,-0.6868860510805501,1,2025-10-29
26439,2025-02-24~2025-03-02,6225.0,83.0,61130621.0,234069,-0.023529411764705882,1,2025-10-29
26439,2025-03-03~2025-03-09,1575.0,21.0,61132196.0,234090,-0.7469879518072289,1,2025-10-29
26439,2025-03-10~2025-03-16,,,61132196.0,234090,-1.0,0,2025-10-29
26439,2025-03-17~2025-03-23,,,61132196.0,234090,0.0,0,2025-10-29
26439,2025-03-24~2025-03-30,,,61132196.0,234090,0.0,0,2025-10-29
26439,2025-03-31~2025-04-06,,,61132196.0,234090,0.0,0,2025-10-29
26439,2025-04-07~2025-04-13,,,61132196.0,234090,0.0,0,2025-10-29
26439,2025-04-14~2025-04-20,,,61132196.0,234090,0.0,0,2025-10-29
26439,2025-04-21~2025-04-27,,,61132196.0,234090,0.0,0,2025-10-29
26439,2025-04-28~2025-05-04,,,61132196.0,234090,0.0,0,2025-10-29
26439,2025-05-05~2025-05-11,,,61132196.0,234090,0.0,0,2025-10-29
26439,2025-05-12~2025-05-18,,,61132196.0,234090,0.0,0,2025-10-29
26439,2025-05-19~2025-05-25,,,61132196.0,234090,0.0,0,2025-10-29
26439,2025-05-26~2025-06-01,,,61132196.0,234090,0.0,0,2025-10-29
26439,2025-06-02~2025-06-08,9200.0,40.0,61141396.0,234130,0.0,1,2025-10-29
26439,2025-06-09~2025-06-15,,,61141396.0,234130,-1.0,0,2025-10-29
26439,2025-06-16~2025-06-22,,,61141396.0,234130,0.0,0,2025-10-29
26439,2025-06-23~2025-06-29,,,61141396.0,234130,0.0,0,2025-10-29
26439,2025-06-30~2025-07-06,,,61141396.0,234130,0.0,0,2025-10-29
26439,2025-07-07~2025-07-13,,,61141396.0,234130,0.0,0,2025-10-29
26439,2025-07-14~2025-07-20,,,61141396.0,234130,0.0,0,2025-10-29
26439,2025-07-21~2025-07-27,,,61141396.0,234130,0.0,0,2025-10-29
26439,2025-07-28~2025-08-03,,,61141396.0,234130,0.0,0,2025-10-29
26439,2025-08-04~2025-08-10,,,61141396.0,234130,0.0,0,2025-10-29
26439,2025-08-11~2025-08-17,17600.0,80.0,61158996.0,234210,0.0,1,2025-10-29
26439,2025-08-18~2025-08-24,,,61158996.0,234210,-1.0,0,2025-10-29
26439,2025-08-25~2025-08-31,,,61158996.0,234210,0.0,0,2025-10-29
26439,2025-09-01~2025-09-07,47200.0,208.0,61206196.0,234418,0.0,2,2025-10-29
26439,2025-09-08~2025-09-14,,,61206196.0,234418,-1.0,0,2025-10-29
26439,2025-09-15~2025-09-21,,,61206196.0,234418,0.0,0,2025-10-29
26439,2025-09-22~2025-09-28,,,61206196.0,234418,0.0,0,2025-10-29
26439,2025-09-29~2025-10-05,,,61206196.0,234418,0.0,0,2025-10-29
26439,2025-10-06~2025-10-12,,,61206196.0,234418,0.0,0,2025-10-29
26439,2025-10-13~2025-10-19,6900.0,30.0,61213096.0,234448,0.0,1,2025-10-29
