﻿gov_id,week_label,week_range,amount,tickets,total_amount,total_tickets,rate,theater_count,fetch_date
29111,2025W43,2024-10-28~2024-11-03,132940.0,391.0,132940.0,391,0.0,1,2025-10-28
29111,2025W43,2024-11-04~2024-11-10,418380.0,2000.0,551320.0,2391,2.14713404543403,3,2025-10-28
29111,2025W43,2024-11-11~2024-11-17,540080.0,2392.0,1091400.0,4783,0.2908838854629762,4,2025-10-28
29111,2025W43,2024-11-18~2024-11-24,859850.0,3592.0,1951250.0,8375,0.592078951266479,12,2025-10-28
29111,2025W43,2024-11-25~2024-12-01,740400.0,3352.0,2691650.0,11727,-0.13891957899633656,11,2025-10-28
29111,2025W43,2024-12-02~2024-12-08,2083118.0,8587.0,4774768.0,20314,1.813503511615343,71,2025-10-28
29111,2025W43,2024-12-09~2024-12-15,2082839.0,8845.0,6857607.0,29159,-0.00013393384340205404,70,2025-10-28
29111,2025W43,2024-12-16~2024-12-22,1397443.0,6146.0,8255050.0,35305,-0.3290681612933117,68,2025-10-28
29111,2025W43,2024-12-23~2024-12-29,1291714.0,5435.0,9546764.0,40740,-0.07565889986210529,46,2025-10-28
29111,2025W43,2024-12-30~2025-01-05,1426098.0,6137.0,10972862.0,46877,0.10403541341194723,31,2025-10-28
29111,2025W43,2025-01-06~2025-01-12,1470337.0,6038.0,12443199.0,52915,0.03102100977632673,35,2025-10-28
29111,2025W43,2025-01-13~2025-01-19,2680018.0,11541.0,15123217.0,64456,0.8227236341056506,46,2025-10-28
29111,2025W43,2025-01-20~2025-01-26,749499.0,3115.0,15872716.0,67571,-0.7203380723562305,26,2025-10-28
29111,2025W43,2025-01-27~2025-02-02,9816.0,37.0,15882532.0,67608,-0.9869032513719165,4,2025-10-28
29111,2025W43,2025-02-03~2025-02-09,763740.0,3239.0,16646272.0,70847,76.80562347188264,20,2025-10-28
29111,2025W43,2025-02-10~2025-02-16,1214770.0,5229.0,17861042.0,76076,0.5905543771440542,19,2025-10-28
29111,2025W43,2025-02-17~2025-02-23,893820.0,3682.0,18754862.0,79758,-0.264206392979741,23,2025-10-28
29111,2025W43,2025-02-24~2025-03-02,139300.0,653.0,18894162.0,80411,-0.8441520664115818,6,2025-10-28
29111,2025W43,2025-03-03~2025-03-09,416050.0,1650.0,19310212.0,82061,1.986719310839914,12,2025-10-28
29111,2025W43,2025-03-10~2025-03-16,422410.0,1844.0,19732622.0,83905,0.015286624203821656,13,2025-10-28
29111,2025W43,2025-03-17~2025-03-23,378400.0,1415.0,20111022.0,85320,-0.10418787434009612,11,2025-10-28
29111,2025W43,2025-03-24~2025-03-30,444020.0,1831.0,20555042.0,87151,0.17341437632135306,13,2025-10-28
29111,2025W43,2025-03-31~2025-04-06,199600.0,868.0,20754642.0,88019,-0.5504706995180397,6,2025-10-28
29111,2025W43,2025-04-07~2025-04-13,538010.0,2254.0,21292652.0,90273,1.6954408817635271,10,2025-10-28
29111,2025W43,2025-04-14~2025-04-20,446520.0,1800.0,21739172.0,92073,-0.1700526012527648,11,2025-10-28
29111,2025W43,2025-04-21~2025-04-27,431770.0,1721.0,22170942.0,93794,-0.03303323479351429,13,2025-10-28
29111,2025W43,2025-04-28~2025-05-04,540670.0,2386.0,22711612.0,96180,0.252217615860296,14,2025-10-28
29111,2025W43,2025-05-05~2025-05-11,581680.0,2314.0,23293292.0,98494,0.07585033384504411,13,2025-10-28
29111,2025W43,2025-05-12~2025-05-18,765220.0,3142.0,24058512.0,101636,0.31553431439966995,21,2025-10-28
29111,2025W43,2025-05-19~2025-05-25,1369410.0,5754.0,25427922.0,107390,0.7895637855780037,31,2025-10-28
29111,2025W43,2025-05-26~2025-06-01,853630.0,3420.0,26281552.0,110810,-0.37664395615630086,19,2025-10-28
29111,2025W43,2025-06-02~2025-06-08,1142210.0,4731.0,27423762.0,115541,0.3380621580778557,19,2025-10-28
29111,2025W43,2025-06-09~2025-06-15,492360.0,2050.0,27916122.0,117591,-0.5689409127918684,15,2025-10-28
29111,2025W43,2025-06-16~2025-06-22,382370.0,1607.0,28298492.0,119198,-0.22339345194573076,9,2025-10-28
29111,2025W43,2025-06-23~2025-06-29,1216590.0,4984.0,29515082.0,124182,2.1817088160682063,21,2025-10-28
29111,2025W43,2025-06-30~2025-07-06,411050.0,1640.0,29926132.0,125822,-0.6621293944549931,7,2025-10-28
29111,2025W43,2025-07-07~2025-07-13,,,29926132.0,125822,-1.0,0,2025-10-28
29111,2025W43,2025-07-14~2025-07-20,74000.0,296.0,30000132.0,126118,0.0,2,2025-10-28
29111,2025W43,2025-07-21~2025-07-27,78900.0,303.0,30079032.0,126421,0.06621621621621622,2,2025-10-28
29111,2025W43,2025-07-28~2025-08-03,,,30079032.0,126421,-1.0,0,2025-10-28
29111,2025W43,2025-08-04~2025-08-10,,,30079032.0,126421,0.0,0,2025-10-28
29111,2025W43,2025-08-11~2025-08-17,63000.0,252.0,30142032.0,126673,0.0,2,2025-10-28
29111,2025W43,2025-08-18~2025-08-24,93080.0,407.0,30235112.0,127080,0.4774603174603175,5,2025-10-28
29111,2025W43,2025-08-25~2025-08-31,90760.0,374.0,30325872.0,127454,-0.024924795874516546,2,2025-10-28
29111,2025W43,2025-09-01~2025-09-07,,,30325872.0,127454,-1.0,0,2025-10-28
29111,2025W43,2025-09-08~2025-09-14,15640.0,68.0,30341512.0,127522,0.0,1,2025-10-28
29111,2025W43,2025-09-15~2025-09-21,60610.0,287.0,30402122.0,127809,2.875319693094629,2,2025-10-28
29111,2025W43,2025-09-22~2025-09-28,47350.0,240.0,30449472.0,128049,-0.21877577957432767,2,2025-10-28
29111,2025W43,2025-09-29~2025-10-05,,,30449472.0,128049,-1.0,0,2025-10-28
29111,2025W43,2025-10-06~2025-10-12,,,30449472.0,128049,0.0,0,2025-10-28
29111,2025W43,2025-10-13~2025-10-19,143990.0,589.0,30593462.0,128638,0.0,3,2025-10-28
